%YAML:1.0
---
CameraExtrinsicMat: !!opencv-matrix
   rows: 4
   cols: 4
   dt: d
   data: [ -5.2341691997286333e-03, 1.4459444002218713e-02, 9.9988175698526249e-01, -8.6066372490221676e-01,
       	   -9.9997662176246749e-01, -4.4752157179961394e-03, -5.1699490133627624e-03, 1.2902952920210403e-01,
            4.3999319667449299e-03, -9.9988544189993300e-01, 1.4482530002175364e-02, -7.5473734102179668e-02, 
            0., 0., 0., 1. ]
CameraMat: !!opencv-matrix
   rows: 3
   cols: 3
   dt: d
   data: [ 7.5788930664483337e+02, 0., 6.3595335388604860e+02, 0.,
       7.5955430724430676e+02, 3.5840864528888784e+02, 0., 0., 1. ]
DistCoeff: !!opencv-matrix
   rows: 1
   cols: 5
   dt: d
   data: [ -7.9073551466510919e-03, -1.0124522648681931e-02,
       4.6489863439196765e-03, 7.6674306721627354e-03,
       3.6448943059982530e-02 ]
ImageSize: [ 1280, 720 ]
ReprojectionError: 3.2468244276063218e-01
